index,channel1_voltage,channel2_voltage
0,0.867912087912088,0.0
1,0.809084249084249,0.0
2,0.8098901098901099,0.0008058608058608059
3,0.75992673992674,0.0
4,0.7623443223443224,0.0
5,0.7325274725274725,0.0
6,0.7309157509157509,0.0
7,0.7268864468864469,0.0
8,0.7421978021978022,0.0
9,0.7486446886446887,0.0
10,0.7462271062271062,0.0
11,0.7824908424908424,0.0
12,0.9895970695970696,0.0
13,0.8405128205128205,0.0
14,0.8493772893772894,0.0
15,0.9057875457875458,0.004029304029304029
16,0.9065934065934066,0.0008058608058608059
17,0.9597802197802198,0.0
18,1.0057142857142858,0.0016117216117216117
19,1.008937728937729,0.0008058608058608059
20,1.0315018315018314,0.0
21,1.0290842490842491,0.0
22,1.008937728937729,0.006446886446886447
23,1.0178021978021978,0.0008058608058608059
24,0.9895970695970696,0.0016117216117216117
25,0.9944322344322344,0.004029304029304029
26,0.9484981684981685,0.0
27,0.9476923076923077,0.0
28,0.8751648351648351,0.0032234432234432234
29,0.8638827838827838,0.0016117216117216117
30,0.8131135531135532,0.0
31,0.8147252747252747,0.0
32,0.7623443223443224,0.0008058608058608059
33,0.7534798534798535,0.0
34,0.7357509157509158,0.0
35,0.7365567765567765,0.0
36,0.7276923076923076,0.004835164835164835
37,0.7212454212454212,0.0008058608058608059
38,0.743003663003663,0.0
39,0.7832967032967033,0.0032234432234432234
40,0.7897435897435897,0.0
41,0.8389010989010989,0.0008058608058608059
42,0.8380952380952381,0.0
43,0.9033699633699633,0.0
44,0.9025641025641026,0.0008058608058608059
45,0.9621978021978022,0.0
46,0.9493040293040294,0.0008058608058608059
47,1.0008791208791208,0.0
48,1.0057142857142858,0.0
49,1.0234432234432234,0.0008058608058608059
50,1.0137728937728938,0.0
51,1.0218315018315018,0.0
52,1.0282783882783884,0.0
53,0.9912087912087912,0.0032234432234432234
54,0.9895970695970696,0.0016117216117216117
55,0.9420512820512821,0.0
56,0.9428571428571428,0.0
57,0.8783882783882784,0.0016117216117216117
58,0.6720879120879121,0.0
59,0.8195604395604396,0.0
60,0.8203663003663003,0.0
61,0.7623443223443224,0.004835164835164835
62,0.7357509157509158,0.0
63,0.7349450549450549,0.0
64,0.7293040293040293,0.0016117216117216117
65,0.7204395604395605,0.0024175824175824176
66,0.7309157509157509,0.0024175824175824176
67,0.7381684981684982,0.0
68,0.776043956043956,0.0
69,0.7897435897435897,0.0
70,0.8292307692307692,0.0
71,0.8203663003663003,0.0016117216117216117
72,0.9057875457875458,0.0
73,0.8945054945054945,0.0032234432234432234
74,0.9509157509157509,0.0024175824175824176
75,0.9517216117216117,0.0016117216117216117
76,0.9976556776556776,0.0016117216117216117
77,1.216043956043956,0.0032234432234432234
78,1.0266666666666666,0.0
79,1.0258608058608059,0.0
80,1.0355311355311356,0.0
81,1.0218315018315018,0.0
82,0.9791208791208791,0.007252747252747252
83,0.9468864468864469,0.0
84,0.9565567765567765,0.0008058608058608059
85,0.8864468864468864,0.0008058608058608059
86,0.8856410256410256,0.0032234432234432234
87,0.8139194139194139,0.0
88,0.826007326007326,0.0
89,0.767985347985348,0.0
90,0.7704029304029304,0.0008058608058608059
91,0.7397802197802198,0.0
92,0.7333333333333333,0.004029304029304029
93,0.7228571428571429,0.0
94,0.7236630036630036,0.0016117216117216117
95,0.7421978021978022,0.0
96,0.7389743589743589,0.0
97,0.7752380952380953,0.0016117216117216117
98,0.97992673992674,0.0
99,0.8340659340659341,0.0
